{
"subtomo_00": [
{
"__class__": "Transform", 
"matrix": [1.0, -0.0, 0.0, 0.0, -0.0, 1.0, -0.0, 0.0, 0.0, -0.0, 1.0, 0.0]
}, 
-0.886090099811554
], 
"subtomo_01": [
{
"__class__": "Transform", 
"matrix": [1.0, -0.0, 0.0, 0.0, -0.0, 1.0, -0.0, 0.0, 0.0, -0.0, 1.0, 0.0]
}, 
-0.8825618028640747
], 
"subtomo_02": [
{
"__class__": "Transform", 
"matrix": [0.9667897820472717, 0.25242629647254944, -0.03997994586825371, -0.5448325276374817, -0.25557273626327515, 0.9548872709274292, -0.1512375771999359, -2.061012029647827, 2.284892497428359e-09, 0.15643273293972015, 0.9876886010169983, 0.6748231649398804]
}, 
-0.8122000694274902
], 
"subtomo_03": [
{
"__class__": "Transform", 
"matrix": [-0.637263298034668, 0.7048279643058777, 0.3116298019886017, -0.24406510591506958, -0.043605126440525055, -0.43670520186424255, 0.8985472321510315, -1.3788576126098633, 0.769411563873291, 0.5590224862098694, 0.30903029441833496, 1.0194036960601807]
}, 
-0.7808838486671448
], 
"subtomo_04": [
{
"__class__": "Transform", 
"matrix": [0.9187214970588684, -0.3762337565422058, -0.1199961006641388, 0.5887455940246582, -0.365796834230423, -0.925261914730072, 0.10041436553001404, -3.4069650173187256, -0.1488071084022522, -0.04835863783955574, -0.9876830577850342, -1.430373191833496]
}, 
-0.8513445258140564
], 
"subtomo_05": [
{
"__class__": "Transform", 
"matrix": [-0.9876830577850342, -2.7293745006318204e-06, 0.15646758675575256, -1.1441478729248047, 0.15646758675575256, -1.722885099297855e-05, 0.9876830577850342, -0.8311982154846191, -1.2113224377545417e-13, 1.0, 1.7443702745367773e-05, -1.0000174045562744]
}, 
-0.8647236824035645
], 
"subtomo_06": [
{
"__class__": "Transform", 
"matrix": [1.0, -0.0, 0.0, 1.0, 0.0, -0.15641552209854126, -0.987691342830658, -2.963073968887329, 0.0, 0.987691342830658, -0.15641552209854126, -0.4692465662956238]
}, 
-0.7981435060501099
], 
"subtomo_07": [
{
"__class__": "Transform", 
"matrix": [0.7700052857398987, 0.5684869289398193, 0.2896799147129059, 1.2360084056854248, 0.6380375027656555, -0.6860693097114563, -0.3495955467224121, -3.058962821960449, 3.97095689663729e-10, 0.4540170729160309, -0.8909929990768433, -1.7649447917938232]
}, 
-0.774840235710144
], 
"subtomo_08": [
{
"__class__": "Transform", 
"matrix": [0.06632322072982788, 0.9056069254875183, 0.4189000725746155, 0.4867068827152252, 0.14165820181369781, -0.42411795258522034, 0.8944590091705322, -1.3185769319534302, 0.987691342830658, 1.72287218447309e-05, -0.15641552209854126, 0.15643274784088135]
}, 
-0.8420249819755554
], 
"subtomo_09": [
{
"__class__": "Transform", 
"matrix": [0.18581624329090118, 0.8754759430885315, 0.4461101293563843, 1.1525142192840576, 0.9825844764709473, -0.16556096076965332, -0.08436374366283417, -1.2356756925582886, 3.6669463021610227e-09, 0.45401710271835327, -0.8909929394721985, -2.6729788780212402]
}, 
-0.8590849041938782
], 
"subtomo_10": [
{
"__class__": "Transform", 
"matrix": [-0.9876942038536072, 0.15639765560626984, -1.7309161645228527e-13, -1.818990707397461, -2.728154413489392e-06, -1.722904562484473e-05, -1.0, -2.0000226497650146, -0.15639765560626984, -0.9876942038536072, 1.7443704564357176e-05, -1.3004546165466309]
}, 
-0.7747169733047485
], 
"subtomo_11": [
{
"__class__": "Transform", 
"matrix": [0.028811700642108917, -0.9993793368339539, 0.020266862586140633, -1.8227113485336304, -0.987566351890564, -0.025324787944555283, 0.15514948964118958, -3.535466432571411, -0.15453995764255524, -0.024484993889927864, -0.9876830577850342, -3.630178928375244]
}, 
-0.7347819209098816
], 
"subtomo_12": [
{
"__class__": "Transform", 
"matrix": [-0.33770206570625305, 0.9083267450332642, -0.2467789202928543, 0.5567683577537537, -0.9363968968391418, -0.2976093292236328, 0.185982808470726, -3.218426465988159, 0.09548944979906082, 0.2938897907733917, 0.9510576128959656, 1.825305461883545]
}, 
-0.831211268901825
], 
"subtomo_13": [
{
"__class__": "Transform", 
"matrix": [-0.15118710696697235, 0.2564948499202728, -0.9546480178833008, -1.316450595855713, 0.040103327482938766, 0.9665456414222717, 0.25334036350250244, -1.7198542356491089, 0.987691342830658, 1.7230038793059066e-05, -0.15641553699970245, -1.1441413164138794]
}, 
-0.763260006904602
], 
"subtomo_14": [
{
"__class__": "Transform", 
"matrix": [0.05730215460062027, -0.589388370513916, 0.8058149814605713, 0.2164265662431717, 0.3381645679473877, -0.7479699850082397, -0.5711266398429871, -1.319096565246582, 0.9393408298492432, 0.30522483587265015, 0.15644998848438263, 0.46167483925819397]
}, 
-0.7402632832527161
], 
"subtomo_15": [
{
"__class__": "Transform", 
"matrix": [0.0842365175485611, -0.30793192982673645, 0.9476719498634338, 0.0, 0.9964457750320435, 0.02603163570165634, -0.08011332899332047, 0.0, -1.2560374962333754e-09, 0.951052188873291, 0.30903029441833496, 0.0]
}, 
-0.8680267333984375
], 
"subtomo_16": [
{
"__class__": "Transform", 
"matrix": [-0.019565127789974213, -0.156420037150383, 0.9874967932701111, 0.9874967932701111, 0.9998085498809814, -0.0030609641689807177, 0.019324202090501785, 0.019324202090501785, 7.47330530792567e-11, 0.9876859188079834, 0.15644998848438263, 0.15644998848438263]
}, 
-0.8016068339347839
], 
"subtomo_17": [
{
"__class__": "Transform", 
"matrix": [-0.6595128178596497, 0.7311630845069885, 0.1744801551103592, -0.5162123441696167, -0.6869429349899292, -0.6804875731468201, 0.2550414204597473, -3.4218039512634277, 0.3052084445953369, 0.04834518954157829, 0.9510575532913208, 1.0123156309127808]
}, 
-0.7327829599380493
], 
"subtomo_18": [
{
"__class__": "Transform", 
"matrix": [-0.10004448890686035, 0.9861907362937927, 0.13198107481002808, 0.8180383443832397, -0.9924455285072327, -0.08944040536880493, -0.08397737145423889, -3.150754451751709, -0.07101326435804367, -0.13938550651073456, 0.9876886010169983, 0.6352633237838745]
}, 
-0.800298273563385
], 
"subtomo_19": [
{
"__class__": "Transform", 
"matrix": [0.25713300704956055, 0.29073771834373474, 0.9216040968894958, 1.6930031776428223, -0.2270057648420334, 0.9451572895050049, -0.2348320484161377, -0.9158493280410767, -0.9393354058265686, -0.14882637560367584, 0.30903029441833496, -2.5089759826660156]
}, 
-0.7649784088134766
]
}